-1.00000000000000000000 -0.00622164318338036537
-0.99000000953674316400 -0.00623336015269160271
-0.98000001907348632800 -0.00622317986562848091
-0.97000002861022949200 -0.00619773892685770989
-0.95999997854232788100 -0.00619764998555183411
-0.94999998807907104500 -0.00619065202772617340
-0.93999999761581420900 -0.00617115292698144913
-0.93000000715255737300 -0.00616872496902942658
-0.92000001668930053700 -0.00618192087858915329
-0.91000002622604370100 -0.00618962710723280907
-0.89999997615814209000 -0.00620329612866044045
-0.88999998569488525400 -0.00620854599401354790
-0.87999999523162841800 -0.00620228005573153496
-0.87000000476837158200 -0.00618949998170137406
-0.86000001430511474600 -0.00620085699483752251
-0.85000002384185791000 -0.00620102602988481522
-0.83999997377395629900 -0.00618733884766697884
-0.82999998331069946300 -0.00619498081505298615
-0.81999999284744262700 -0.00620118714869022370
-0.81000000238418579100 -0.00621717423200607300
-0.80000001192092895500 -0.00621705502271652222
-0.79000002145767211900 -0.00622987421229481697
-0.77999997138977050800 -0.00621894001960754395
-0.76999998092651367200 -0.00620191497728228569
-0.75999999046325683600 -0.00621435698121786118
-0.75000000000000000000 -0.00620526494458317757
-0.74000000953674316400 -0.00618882616981863976
-0.73000001907348632800 -0.00619859015569090843
-0.72000002861022949200 -0.00621000211685895920
-0.70999997854232788100 -0.00621461123228073120
-0.69999998807907104500 -0.00622487906366586685
-0.68999999761581420900 -0.00621647108346223831
-0.68000000715255737300 -0.00618507806211709976
-0.67000001668930053700 -0.00619179196655750275
-0.66000002622604370100 -0.00618621194735169411
-0.64999997615814209000 -0.00616544578224420548
-0.63999998569488525400 -0.00616411305963993073
-0.62999999523162841800 -0.00617683399468660355
-0.62000000476837158200 -0.00618881406262516976
-0.61000001430511474600 -0.00619962299242615700
-0.60000002384185791000 -0.00621085381135344506
-0.58999997377395629900 -0.00620097899809479714
-0.57999998331069946300 -0.00618422077968716622
-0.56999999284744262700 -0.00619786605238914490
-0.56000000238418579100 -0.00619331607595086098
-0.55000001192092895500 -0.00618038279935717583
-0.54000002145767211900 -0.00619097799062728882
-0.52999997138977050800 -0.00619978504255414009
-0.51999998092651367200 -0.00621622521430253983
-0.50999999046325683600 -0.00621907599270343781
-0.50000000000000000000 -0.00622474821284413338
-0.49000000953674316400 -0.00621109083294868469
-0.47999998927116394000 -0.00619950890541076660
-0.46999999880790710400 -0.00620688404887914658
-0.46000000834465026800 -0.00619112094864249230
-0.44999998807907104500 -0.00617939978837966919
-0.43999999761581420900 -0.00618404801934957504
-0.43000000715255737300 -0.00619536591693758965
-0.41999998688697814900 -0.00619468977674841881
-0.40999999642372131300 -0.00620097899809479714
-0.40000000596046447700 -0.00618690717965364456
-0.38999998569488525400 -0.00616277381777763367
-0.37999999523162841800 -0.00617291079834103584
-0.37000000476837158200 -0.00616465881466865540
-0.36000001430511474600 -0.00614477880299091339
-0.34999999403953552200 -0.00614640116691589356
-0.34000000357627868600 -0.00616357801482081413
-0.33000001311302185100 -0.00617773598060011864
-0.31999999284744262700 -0.00619154609739780426
-0.31000000238418579100 -0.00620043696835637093
-0.30000001192092895500 -0.00618737703189253807
-0.28999999165534973100 -0.00617307983338832855
-0.28000000119209289500 -0.00618895702064037323
-0.27000001072883606000 -0.00618376815691590309
-0.25999999046325683600 -0.00616783183068037033
-0.25000000000000000000 -0.00617436412721872330
-0.23999999463558197000 -0.00618547014892101288
-0.23000000417232513400 -0.00620475783944129944
-0.21999999880790710400 -0.00620681187137961388
-0.20999999344348907500 -0.00620842212811112404
-0.20000000298023223900 -0.00619065621867775917
-0.18999999761581420900 -0.00618122704327106476
-0.18000000715255737300 -0.00618529692292213440
-0.17000000178813934300 -0.00617007212713360787
-0.15999999642372131300 -0.00616088882088661194
-0.15000000596046447800 -0.00616461317986249924
-0.14000000059604644800 -0.00618249690160155296
-0.12999999523162841800 -0.00617901887744665146
-0.11999999731779098500 -0.00619439594447612763
-0.10999999940395355200 -0.00617750314995646477
-0.10000000149011611900 -0.00615833513438701630
-0.09000000357627868650 -0.00616913987323641777
-0.07999999821186065670 -0.00616711517795920372
-0.07000000029802322390 -0.00614627916365861893
-0.05999999865889549260 -0.00615051900967955590
-0.05000000074505805970 -0.00616512401029467583
-0.03999999910593032840 -0.00617650803178548813
-0.02999999932944774630 -0.00618308084085583687
-0.01999999955296516420 -0.00619093095883727074
-0.00999999977648258210 -0.00618442380800843239
0.00000000000000000000 -0.00616193888708949089
0.00999999977648258210 -0.00616997899487614632
0.01999999955296516420 -0.00616942020133137703
0.02999999932944774630 -0.00615666015073657036
0.03999999910593032840 -0.00615194579586386681
0.05000000074505805970 -0.00615597097203135491
0.05999999865889549260 -0.00617033895105123520
0.07000000029802322390 -0.00617970200255513191
0.07999999821186065670 -0.00618535187095403671
0.09000000357627868650 -0.00616824300959706307
0.10000000149011611900 -0.00614802818745374680
0.10999999940395355200 -0.00614559184759855271
0.11999999731779098500 -0.00613611098378896713
0.12999999523162841800 -0.00610789097845554352
0.14000000059604644800 -0.00610427698120474816
0.15000000596046447800 -0.00610773405060172081
0.15999999642372131300 -0.00610889494419097901
0.17000000178813934300 -0.00611269008368253708
0.18000000715255737300 -0.00611740117892622948
0.18999999761581420900 -0.00610112585127353668
0.20000000298023223900 -0.00607918296009302140
0.20999999344348907500 -0.00608972599729895592
0.21999999880790710400 -0.00608217716217041016
0.23000000417232513400 -0.00606298819184303284
0.23999999463558197000 -0.00606883410364389420
0.25000000000000000000 -0.00607150699943304062
0.25999999046325683600 -0.00608110101893544197
0.27000001072883606000 -0.00608589407056570053
0.28000000119209289500 -0.00607304787263274193
0.28999999165534973100 -0.00604784395545721054
0.30000001192092895500 -0.00604394311085343361
0.31000000238418579100 -0.00603225501254200936
0.31999999284744262700 -0.00600586319342255593
0.33000001311302185100 -0.00599680794402956963
0.34000000357627868600 -0.00598335405811667442
0.34999999403953552200 -0.00598014285787940026
0.36000001430511474600 -0.00597406877204775810
0.37000000476837158200 -0.00596237601712346077
0.37999999523162841800 -0.00593006983399391174
0.38999998569488525400 -0.00589434104040265084
0.40000000596046447700 -0.00587122002616524697
0.40999999642372131300 -0.00583819113671779633
0.41999998688697814900 -0.00580082787200808525
0.43000000715255737300 -0.00575706223025918007
0.43999999761581420900 -0.00573785416781902313
0.44999998807907104500 -0.00571326585486531258
0.46000000834465026800 -0.00566904479637742043
0.46999999880790710400 -0.00563498120754957199
0.47999998927116394000 -0.00558139802888035774
0.49000000953674316400 -0.00550013780593872070
0.50000000000000000000 -0.00544524705037474632
0.50999999046325683600 -0.00539182499051094055
0.51999998092651367200 -0.00526221189647912979
0.52999997138977050800 -0.00519702816382050514
0.54000002145767211900 -0.00508200097829103470
0.55000001192092895500 -0.00492691993713378906
0.56000000238418579100 -0.00480156019330024719
0.56999999284744262700 -0.00462959799915552139
0.57999998331069946300 -0.00438921106979250908
0.58999997377395629900 -0.00415944214910268784
0.60000002384185791000 -0.00393193680793046951
0.61000001430511474600 -0.00350189697928726673
0.62000000476837158200 -0.00327679305337369442
0.62999999523162841800 -0.00277465395629405975
0.63999998569488525400 -0.00224849209189414978
0.64999997615814209000 -0.00183961796574294567
0.66000002622604370100 -0.00122656801249831915
0.67000001668930053700 -0.00063636922277510166
0.68000000715255737300 -0.00010753110109362751
0.68999999761581420900 0.00055003492161631584
0.69999998807907104500 0.00132893200498074293
0.70999997854232788100 0.00201211008243262768
0.72000002861022949200 0.00285989791154861450
0.73000001907348632800 0.00372815597802400589
0.74000000953674316400 0.00439079897478222847
0.75000000000000000000 0.00519907008856534958
0.75999999046325683600 0.00612466083839535713
0.76999998092651367200 0.00695437798276543618
0.77999997138977050800 0.00781060522422194481
0.79000002145767211900 0.00897604692727327347
0.80000001192092895500 0.00973714888095855713
0.81000000238418579100 0.01019783038645982740
0.81999999284744262700 0.01101567968726158140
0.82999998331069946300 0.01217592973262071610
0.83999997377395629900 0.01283736992627382280
0.85000002384185791000 0.01406633015722036360
0.86000001430511474600 0.01516467984765768050
0.87000000476837158200 0.01594105921685695650
0.87999999523162841800 0.01704101078212261200
0.88999998569488525400 0.01795857027173042300
0.89999997615814209000 0.01889717951416969300
0.91000002622604370100 0.01991065964102745060
0.92000001668930053700 0.02078079991042613980
0.93000000715255737300 0.02190330065786838530
0.93999999761581420900 0.02314333058893680570
0.94999998807907104500 0.02428995072841644290
0.95999997854232788100 0.02520360052585601810
0.97000002861022949200 0.02641462907195091250
0.98000001907348632800 0.02751589007675647740
0.99000000953674316400 0.02838617004454135900
1.00000000000000000000 0.02950461953878402710
