-1.00000000000000000000 -0.00559929292649030686
-0.99000000953674316400 -0.00560990720987319946
-0.98000001907348632800 -0.00561954593285918236
-0.97000002861022949200 -0.00563637912273406983
-0.95999997854232788100 -0.00562461977824568749
-0.94999998807907104500 -0.00560778891667723656
-0.93999999761581420900 -0.00562040600925683975
-0.93000000715255737300 -0.00562074920162558556
-0.92000001668930053700 -0.00559901678934693337
-0.91000002622604370100 -0.00560391787439584732
-0.89999997615814209000 -0.00562004279345273972
-0.88999998569488525400 -0.00562495691701769829
-0.87999999523162841800 -0.00564034515991806984
-0.87000000476837158200 -0.00564748700708150864
-0.86000001430511474600 -0.00563437398523092270
-0.85000002384185791000 -0.00562083208933472634
-0.83999997377395629900 -0.00563072413206100464
-0.82999998331069946300 -0.00562016805633902550
-0.81999999284744262700 -0.00560623221099376679
-0.81000000238418579100 -0.00560279097408056259
-0.80000001192092895500 -0.00561092793941497803
-0.79000002145767211900 -0.00561872497200965882
-0.77999997138977050800 -0.00562035618349909783
-0.76999998092651367200 -0.00563217699527740479
-0.75999999046325683600 -0.00561469793319702149
-0.75000000000000000000 -0.00559120206162333489
-0.74000000953674316400 -0.00560156023129820824
-0.73000001907348632800 -0.00559198018163442612
-0.72000002861022949200 -0.00557295186445116997
-0.70999997854232788100 -0.00557513814419507981
-0.69999998807907104500 -0.00558337988331913948
-0.68999999761581420900 -0.00559765193611383438
-0.68000000715255737300 -0.00560864899307489395
-0.67000001668930053700 -0.00561662716791033745
-0.66000002622604370100 -0.00561294704675674439
-0.64999997615814209000 -0.00559615902602672577
-0.63999998569488525400 -0.00560776097699999809
-0.62999999523162841800 -0.00560873094946146012
-0.62000000476837158200 -0.00559045281261205673
-0.61000001430511474600 -0.00559069216251373291
-0.60000002384185791000 -0.00560058094561100006
-0.58999997377395629900 -0.00561324693262577057
-0.57999998331069946300 -0.00562248378992080689
-0.56999999284744262700 -0.00562997907400131226
-0.56000000238418579100 -0.00561899505555629730
-0.55000001192092895500 -0.00560103915631771088
-0.54000002145767211900 -0.00561104482039809227
-0.52999997138977050800 -0.00560573209077119827
-0.51999998092651367200 -0.00558885792270302773
-0.50999999046325683600 -0.00558771798387169838
-0.50000000000000000000 -0.00559304514899849892
-0.49000000953674316400 -0.00560505688190460205
-0.47999998927116394000 -0.00561423180624842644
-0.46999999880790710400 -0.00561536196619272232
-0.46000000834465026800 -0.00560099910944700241
-0.44999998807907104500 -0.00558657292276620865
-0.43999999761581420900 -0.00559772178530693054
-0.43000000715255737300 -0.00558963790535926819
-0.41999998688697814900 -0.00557478796690702439
-0.40999999642372131300 -0.00557331694290041924
-0.40000000596046447700 -0.00558577897027134896
-0.38999998569488525400 -0.00560057582333683968
-0.37999999523162841800 -0.00560398306697607041
-0.37000000476837158200 -0.00561350490897893906
-0.36000001430511474600 -0.00560653582215309143
-0.34999999403953552200 -0.00558627722784876824
-0.34000000357627868600 -0.00559871504083275795
-0.33000001311302185100 -0.00559996999800205231
-0.31999999284744262700 -0.00558150792494416237
-0.31000000238418579100 -0.00558380782604217529
-0.30000001192092895500 -0.00559759000316262245
-0.28999999165534973100 -0.00560581777244806290
-0.28000000119209289500 -0.00561158591881394386
-0.27000001072883606000 -0.00561837991699576378
-0.25999999046325683600 -0.00560252089053392410
-0.25000000000000000000 -0.00557838007807731629
-0.23999999463558197000 -0.00559075316414237023
-0.23000000417232513400 -0.00557882012799382210
-0.21999999880790710400 -0.00555295823141932488
-0.20999999344348907500 -0.00555618107318878174
-0.20000000298023223900 -0.00556242000311613083
-0.18999999761581420900 -0.00556757906451821327
-0.18000000715255737300 -0.00557282986119389534
-0.17000000178813934300 -0.00558144086971879006
-0.15999999642372131300 -0.00556730199605226517
-0.15000000596046447800 -0.00555205997079610825
-0.14000000059604644800 -0.00556604005396366120
-0.12999999523162841800 -0.00556538999080657959
-0.11999999731779098500 -0.00555083015933632851
-0.10999999940395355200 -0.00555480085313320160
-0.10000000149011611900 -0.00556821282953023911
-0.09000000357627868650 -0.00557167921215295792
-0.07999999821186065670 -0.00558534683659672737
-0.07000000029802322390 -0.00559394992887973786
-0.05999999865889549260 -0.00557676376774907112
-0.05000000074505805970 -0.00556755205616354942
-0.03999999910593032840 -0.00557876797392964363
-0.02999999932944774630 -0.00556665984913706780
-0.01999999955296516420 -0.00555790495127439499
-0.00999999977648258210 -0.00556576484814286232
0.00000000000000000000 -0.00557246617972850800
0.00999999977648258210 -0.00557478982955217362
0.01999999955296516420 -0.00558373890817165375
0.02999999932944774630 -0.00558721506968140602
0.03999999910593032840 -0.00557451089844107628
0.05000000074505805970 -0.00555530283600091934
0.05999999865889549260 -0.00555288093164563179
0.07000000029802322390 -0.00555102387443184853
0.07999999821186065670 -0.00553600210696458817
0.09000000357627868650 -0.00553047982975840569
0.10000000149011611900 -0.00554002122953534126
0.10999999940395355200 -0.00555120920762419701
0.11999999731779098500 -0.00555251119658350945
0.12999999523162841800 -0.00556448288261890412
0.14000000059604644800 -0.00555581320077180863
0.15000000596046447800 -0.00553743680939078331
0.15999999642372131300 -0.00554702803492546082
0.17000000178813934300 -0.00554148107767105103
0.18000000715255737300 -0.00552293006330728531
0.18999999761581420900 -0.00552488584071397782
0.20000000298023223900 -0.00553426006808876991
0.20999999344348907500 -0.00554580288007855416
0.21999999880790710400 -0.00554304895922541619
0.23000000417232513400 -0.00555812520906329155
0.23999999463558197000 -0.00554452417418360710
0.25000000000000000000 -0.00551548087969422341
0.25999999046325683600 -0.00552710378542542458
0.27000001072883606000 -0.00551808020099997521
0.28000000119209289500 -0.00549225183203816414
0.28999999165534973100 -0.00549209117889404297
0.30000001192092895500 -0.00549581693485379219
0.31000000238418579100 -0.00549844512715935707
0.31999999284744262700 -0.00549437990412116051
0.33000001311302185100 -0.00548734189942479134
0.34000000357627868600 -0.00546907214447855950
0.34999999403953552200 -0.00543790310621261597
0.36000001430511474600 -0.00544127915054559708
0.37000000476837158200 -0.00542729720473289490
0.37999999523162841800 -0.00539310602471232414
0.38999998569488525400 -0.00539257889613509178
0.40000000596046447700 -0.00539190322160720825
0.40999999642372131300 -0.00538760609924793244
0.41999998688697814900 -0.00538389896973967552
0.43000000715255737300 -0.00537360180169343949
0.43999999761581420900 -0.00534215103834867478
0.44999998807907104500 -0.00531087489798665047
0.46000000834465026800 -0.00529513088986277580
0.46999999880790710400 -0.00525844702497124672
0.47999998927116394000 -0.00521250907331705094
0.49000000953674316400 -0.00517984107136726380
0.50000000000000000000 -0.00514201121404767037
0.50999999046325683600 -0.00509586092084646225
0.51999998092651367200 -0.00503566209226846695
0.52999997138977050800 -0.00495861284434795380
0.54000002145767211900 -0.00485015893355011940
0.55000001192092895500 -0.00472694495692849159
0.56000000238418579100 -0.00460079312324523926
0.56999999284744262700 -0.00443198997527360916
0.57999998331069946300 -0.00423682900145649910
0.58999997377395629900 -0.00402411818504333496
0.60000002384185791000 -0.00377964996732771397
0.61000001430511474600 -0.00350215099751949310
0.62000000476837158200 -0.00318515603430569172
0.62999999523162841800 -0.00283292192034423351
0.63999998569488525400 -0.00243199197575449944
0.64999997615814209000 -0.00200243596918880940
0.66000002622604370100 -0.00155071797780692577
0.67000001668930053700 -0.00105147296562790871
0.68000000715255737300 -0.00053089362336322665
0.68999999761581420900 -0.00001596973925188649
0.69999998807907104500 0.00051121180877089500
0.70999997854232788100 0.00114304595626890659
0.72000002861022949200 0.00178801396396011114
0.73000001907348632800 0.00246132398024201393
0.74000000953674316400 0.00315859192050993443
0.75000000000000000000 0.00388728803955018520
0.75999999046325683600 0.00464286515489220619
0.76999998092651367200 0.00542283803224563599
0.77999997138977050800 0.00623149611055850983
0.79000002145767211900 0.00706582190468907356
0.80000001192092895500 0.00792070571333169937
0.81000000238418579100 0.00880485586822032929
0.81999999284744262700 0.00971672777086496353
0.82999998331069946300 0.01011645980179309850
0.83999997377395629900 0.01102622039616107940
0.85000002384185791000 0.01196066010743379590
0.86000001430511474600 0.01292577013373374940
0.87000000476837158200 0.01391507964581251140
0.87999999523162841800 0.01492047961801290510
0.88999998569488525400 0.01595457084476947780
0.89999997615814209000 0.01700579933822155000
0.91000002622604370100 0.01806822977960109710
0.92000001668930053700 0.01916228979825973510
0.93000000715255737300 0.02027486078441143040
0.93999999761581420900 0.02140407077968120580
0.94999998807907104500 0.02255154959857463840
0.95999997854232788100 0.02372352965176105500
0.97000002861022949200 0.02492051944136619570
0.98000001907348632800 0.02612913027405738830
0.99000000953674316400 0.02735527046024799350
1.00000000000000000000 0.02859449945390224460
