#hash?
-1.00000000000000000000 -0.00608991878107190132
-0.99000000953674316400 -0.00609210319817066193
-0.98000001907348632800 -0.00607583206146955490
-0.97000002861022949200 -0.00606991816312074661
-0.95999997854232788100 -0.00608725193887948990
-0.94999998807907104500 -0.00609939312562346459
-0.93999999761581420900 -0.00610567489638924599
-0.93000000715255737300 -0.00611465191468596459
-0.92000001668930053700 -0.00610680179670453072
-0.91000002622604370100 -0.00609096884727478028
-0.89999997615814209000 -0.00610354496166110039
-0.88999998569488525400 -0.00609614793211221695
-0.87999999523162841800 -0.00608586287125945091
-0.87000000476837158200 -0.00609573302790522576
-0.86000001430511474600 -0.00610741181299090386
-0.85000002384185791000 -0.00612465292215347290
-0.83999997377395629900 -0.00613015517592430115
-0.82999998331069946300 -0.00613300222903490067
-0.81999999284744262700 -0.00611602794378995896
-0.81000000238418579100 -0.00611681118607521057
-0.80000001192092895500 -0.00611789198592305184
-0.79000002145767211900 -0.00610306998714804650
-0.77999997138977050800 -0.00610188813880085945
-0.76999998092651367200 -0.00610486185178160668
-0.75999999046325683600 -0.00611939094960689545
-0.75000000000000000000 -0.00612680008634924889
-0.74000000953674316400 -0.00612746598199009896
-0.73000001907348632800 -0.00611373176798224449
-0.72000002861022949200 -0.00609628390520811081
-0.70999997854232788100 -0.00610022805631160736
-0.69999998807907104500 -0.00609414093196392060
-0.68999999761581420900 -0.00607692496851086617
-0.68000000715255737300 -0.00607923418283462525
-0.67000001668930053700 -0.00609487714245915413
-0.66000002622604370100 -0.00610386207699775696
-0.64999997615814209000 -0.00611903984099626541
-0.63999998569488525400 -0.00612021004781126976
-0.62999999523162841800 -0.00610571820288896561
-0.62000000476837158200 -0.00610207905992865563
-0.61000001430511474600 -0.00610268022865056992
-0.60000002384185791000 -0.00608688499778509140
-0.58999997377395629900 -0.00608817115426063538
-0.57999998331069946300 -0.00609603896737098694
-0.56999999284744262700 -0.00611249497160315514
-0.56000000238418579100 -0.00612547388300299645
-0.55000001192092895500 -0.00613166904076933861
-0.54000002145767211900 -0.00612332299351692200
-0.52999997138977050800 -0.00610061688348650932
-0.51999998092651367200 -0.00610869517549872399
-0.50999999046325683600 -0.00610193517059087754
-0.50000000000000000000 -0.00608367798849940300
-0.49000000953674316400 -0.00608875183388590813
-0.47999998927116394000 -0.00608947221189737320
-0.46999999880790710400 -0.00610050186514854431
-0.46000000834465026800 -0.00610207021236419678
-0.44999998807907104500 -0.00609422521665692330
-0.43999999761581420900 -0.00608235085383057594
-0.43000000715255737300 -0.00607320200651884079
-0.41999998688697814900 -0.00606734305620193482
-0.40999999642372131300 -0.00605947710573673248
-0.40000000596046447700 -0.00605325400829315186
-0.38999998569488525400 -0.00606174720451235771
-0.37999999523162841800 -0.00607977993786334992
-0.37000000476837158200 -0.00608790107071399689
-0.36000001430511474600 -0.00610079895704984665
-0.34999999403953552200 -0.00609308900311589241
-0.34000000357627868600 -0.00607512099668383598
-0.33000001311302185100 -0.00608994206413626671
-0.31999999284744262700 -0.00608354620635509491
-0.31000000238418579100 -0.00606448901817202568
-0.30000001192092895500 -0.00607472611591219902
-0.28999999165534973100 -0.00608458416536450386
-0.28000000119209289500 -0.00609597517177462578
-0.27000001072883606000 -0.00610638689249753952
-0.25999999046325683600 -0.00611291918903589249
-0.25000000000000000000 -0.00609585503116250038
-0.23999999463558197000 -0.00609044218435883522
-0.23000000417232513400 -0.00609666109085083008
-0.21999999880790710400 -0.00607171515002846718
-0.20999999344348907500 -0.00607307907193899155
-0.20000000298023223900 -0.00608359603211283684
-0.18999999761581420900 -0.00607885699719190598
-0.18000000715255737300 -0.00609521195292472840
-0.17000000178813934300 -0.00609780009835958481
-0.15999999642372131300 -0.00607713591307401657
-0.15000000596046447800 -0.00605896394699811936
-0.14000000059604644800 -0.00606865994632244110
-0.12999999523162841800 -0.00606268411502242088
-0.11999999731779098500 -0.00604301504790782929
-0.10999999940395355200 -0.00605117389932274819
-0.10000000149011611900 -0.00606170110404491425
-0.09000000357627868650 -0.00607311585918068886
-0.07999999821186065670 -0.00608217017725110054
-0.07000000029802322390 -0.00608619814738631249
-0.05999999865889549260 -0.00607368815690279007
-0.05000000074505805970 -0.00606549996882677078
-0.03999999910593032840 -0.00607154890894889832
-0.02999999932944774630 -0.00605695182457566262
-0.01999999955296516420 -0.00605629989877343178
-0.00999999977648258210 -0.00606306781992316246
0.00000000000000000000 -0.00607688119634985924
0.00999999977648258210 -0.00607893289998173714
0.01999999955296516420 -0.00608566822484135628
0.02999999932944774630 -0.00608162581920623780
0.03999999910593032840 -0.00606651278212666512
0.05000000074505805970 -0.00605823099613189697
0.05999999865889549260 -0.00605598697438836098
0.07000000029802322390 -0.00603328878059983254
0.07999999821186065670 -0.00602742098271846771
0.09000000357627868650 -0.00602920399978756905
0.10000000149011611900 -0.00603036116808652878
0.10999999940395355200 -0.00603990117087960243
0.11999999731779098500 -0.00604803906753659249
0.12999999523162841800 -0.00602885289117693901
0.14000000059604644800 -0.00600777007639408112
0.15000000596046447800 -0.00602239603176712990
0.15999999642372131300 -0.00600603921338915825
0.17000000178813934300 -0.00599235109984874726
0.18000000715255737300 -0.00600262405350804329
0.18999999761581420900 -0.00600167782977223396
0.20000000298023223900 -0.00601720297709107399
0.20999999344348907500 -0.00602366821840405464
0.21999999880790710400 -0.00601750519126653671
0.23000000417232513400 -0.00600927881896495819
0.23999999463558197000 -0.00599502818658947945
0.25000000000000000000 -0.00599069986492395401
0.25999999046325683600 -0.00598450610414147377
0.27000001072883606000 -0.00596346519887447357
0.28000000119209289500 -0.00596235506236553192
0.28999999165534973100 -0.00596931017935276032
0.30000001192092895500 -0.00596537580713629723
0.31000000238418579100 -0.00596390897408127785
0.31999999284744262700 -0.00594490207731723786
0.33000001311302185100 -0.00590964918956160546
0.34000000357627868600 -0.00590015202760696411
0.34999999403953552200 -0.00587683590129017830
0.36000001430511474600 -0.00584038300439715386
0.37000000476837158200 -0.00581997400149703026
0.37999999523162841800 -0.00580647122114896774
0.38999998569488525400 -0.00579067412763834000
0.40000000596046447700 -0.00577717600390315056
0.40999999642372131300 -0.00575371878221631050
0.41999998688697814900 -0.00571553688496351242
0.43000000715255737300 -0.00566543778404593468
0.43999999761581420900 -0.00564059382304549217
0.44999998807907104500 -0.00559262512251734734
0.46000000834465026800 -0.00554283708333969116
0.46999999880790710400 -0.00550587801262736321
0.47999998927116394000 -0.00546350190415978432
0.49000000953674316400 -0.00542129203677177429
0.50000000000000000000 -0.00536596821621060372
0.50999999046325683600 -0.00529393879696726799
0.51999998092651367200 -0.00519904121756553650
0.52999997138977050800 -0.00511683709919452667
0.54000002145767211900 -0.00500772101804614067
0.55000001192092895500 -0.00487859500572085381
0.56000000238418579100 -0.00474316207692027092
0.56999999284744262700 -0.00458833808079361916
0.57999998331069946300 -0.00440844986587762833
0.58999997377395629900 -0.00419216696172952652
0.60000002384185791000 -0.00393926398828625679
0.61000001430511474600 -0.00363150495104491711
0.62000000476837158200 -0.00328171090222895146
0.62999999523162841800 -0.00289613497443497181
0.63999998569488525400 -0.00245670997537672520
0.64999997615814209000 -0.00196897494606673718
0.66000002622604370100 -0.00143917894456535578
0.67000001668930053700 -0.00085388310253620148
0.68000000715255737300 -0.00026326009538024664
0.68999999761581420900 0.00033265459933318198
0.69999998807907104500 0.00103058095555752516
0.70999997854232788100 0.00180175201967358589
0.72000002861022949200 0.00258909491822123528
0.73000001907348632800 0.00339895207434892655
0.74000000953674316400 0.00423084013164043427
0.75000000000000000000 0.00509496685117483139
0.75999999046325683600 0.00598003994673490524
0.76999998092651367200 0.00688413903117179871
0.77999997138977050800 0.00781482644379138947
0.79000002145767211900 0.00876064039766788483
0.80000001192092895500 0.00972218438982963562
0.81000000238418579100 0.01014790032058954240
0.81999999284744262700 0.01110456977039575580
0.82999998331069946300 0.01206414029002189640
0.83999997377395629900 0.01304220966994762420
0.85000002384185791000 0.01402712985873222350
0.86000001430511474600 0.01502513978630304340
0.87000000476837158200 0.01603412069380283360
0.87999999523162841800 0.01704593934118747710
0.88999998569488525400 0.01807224936783313750
0.89999997615814209000 0.01910338923335075380
0.91000002622604370100 0.02014560997486114500
0.92000001668930053700 0.02119123935699462890
0.93000000715255737300 0.02223194018006324770
0.93999999761581420900 0.02329728938639163970
0.94999998807907104500 0.02436229959130287170
0.95999997854232788100 0.02542865090072155000
0.97000002861022949200 0.02650902979075908660
0.98000001907348632800 0.02760270982980728150
0.99000000953674316400 0.02869554050266742710
1.00000000000000000000 0.02980167046189308170
